{
 "cells": [
  {
   "cell_type": "markdown",
   "metadata": {},
   "source": [
    "# Description"
   ]
  },
  {
   "cell_type": "markdown",
   "metadata": {},
   "source": [
    "# 0. Setting Up the Env"
   ]
  },
  {
   "cell_type": "markdown",
   "metadata": {},
   "source": [
    "## 0.1 Import Packages"
   ]
  },
  {
   "cell_type": "code",
   "execution_count": 14,
   "metadata": {},
   "outputs": [],
   "source": [
    "import numpy as np\n",
    "import pandas as pd\n",
    "import random\n",
    "\n",
    "from sklearn.metrics.pairwise import cosine_similarity"
   ]
  },
  {
   "cell_type": "markdown",
   "metadata": {},
   "source": [
    "## 0.2 Constants"
   ]
  },
  {
   "cell_type": "code",
   "execution_count": 5,
   "metadata": {},
   "outputs": [],
   "source": [
    "np.random.seed(99)"
   ]
  },
  {
   "cell_type": "markdown",
   "metadata": {},
   "source": [
    "# 1. Data"
   ]
  },
  {
   "cell_type": "markdown",
   "metadata": {},
   "source": [
    "**Data Descriptions**\n",
    "* There are 10 Users\n",
    "* 10 Items\n",
    "* Users with a history of buying items(Only Once) & 1 Rating"
   ]
  },
  {
   "cell_type": "code",
   "execution_count": 18,
   "metadata": {},
   "outputs": [
    {
     "name": "stdout",
     "output_type": "stream",
     "text": [
      "Ratings Matrix:\n",
      "         Item1  Item2  Item3  Item4  Item5  Item6  Item7  Item8  Item9  Item10\n",
      "User1       3      5      4      2      5      1      4      5      5       3\n",
      "User2       4      1      2      1      3      2      2      1      3       5\n",
      "User3       2      2      3      3      1      1      1      5      4       2\n",
      "User4       4      3      4      3      5      2      4      2      4       5\n",
      "User5       2      3      3      2      3      1      4      1      2       1\n",
      "User6       5      1      3      4      4      3      1      5      3       2\n",
      "User7       2      5      1      1      5      5      5      1      1       4\n",
      "User8       3      4      4      2      2      2      1      2      5       4\n",
      "User9       4      5      4      1      3      1      5      3      5       5\n",
      "User10      3      3      4      3      3      4      2      2      4       2\n"
     ]
    }
   ],
   "source": [
    " \n",
    "users = [\"User\" + str(i) for i in range(1,11)]\n",
    "items = [\"Item\" + str(i) for i in range(1,11)]\n",
    "ratings = np.random.randint(1, 6, size=(10, 10))  \n",
    "\n",
    "df = pd.DataFrame(ratings, index=users, columns=items)\n",
    "print(\"Ratings Matrix:\\n\", df)"
   ]
  },
  {
   "cell_type": "markdown",
   "metadata": {},
   "source": [
    "**Data Descriptions for lvl 2 data**\n",
    "* There are 10 Users\n",
    "* 10 Items\n",
    "* Users with a history of buying items, mre than once, and not consistent across users"
   ]
  },
  {
   "cell_type": "code",
   "execution_count": 16,
   "metadata": {},
   "outputs": [],
   "source": [
    "num_rows = 1000\n",
    "num_users = len(users)\n",
    "\n",
    "users_list = users.copy()\n",
    "\n",
    "users_list += random.choices(users, k=num_rows - len(users_list))\n",
    "\n",
    "random.shuffle(users_list)\n",
    "\n",
    "items = random.choices(items, k=num_rows)\n",
    "ratings = np.random.randint(1, 6, size=num_rows)  # 1 to 5 inclusive\n",
    "\n",
    "df2 = pd.DataFrame({\n",
    "    'users_list': users_list,\n",
    "    'items': items,\n",
    "    'ratings': ratings\n",
    "})\n",
    "\n"
   ]
  },
  {
   "cell_type": "code",
   "execution_count": 19,
   "metadata": {},
   "outputs": [
    {
     "name": "stdout",
     "output_type": "stream",
     "text": [
      "  users_list  items  ratings\n",
      "0      User8  Item2        2\n",
      "1      User4  Item8        5\n",
      "2     User10  Item5        4\n",
      "3      User1  Item3        1\n",
      "4      User5  Item3        1\n",
      "\n",
      "Users count:\n",
      " users_list\n",
      "User6     118\n",
      "User5     111\n",
      "User3     109\n",
      "User1     100\n",
      "User9     100\n",
      "User4      99\n",
      "User7      98\n",
      "User2      97\n",
      "User10     85\n",
      "User8      83\n",
      "Name: count, dtype: int64\n"
     ]
    }
   ],
   "source": [
    "\n",
    "print(df2.head())\n",
    "print(\"\\nUsers count:\\n\", df2['users_list'].value_counts())"
   ]
  },
  {
   "cell_type": "code",
   "execution_count": 21,
   "metadata": {},
   "outputs": [
    {
     "data": {
      "text/html": [
       "<div>\n",
       "<style scoped>\n",
       "    .dataframe tbody tr th:only-of-type {\n",
       "        vertical-align: middle;\n",
       "    }\n",
       "\n",
       "    .dataframe tbody tr th {\n",
       "        vertical-align: top;\n",
       "    }\n",
       "\n",
       "    .dataframe thead th {\n",
       "        text-align: right;\n",
       "    }\n",
       "</style>\n",
       "<table border=\"1\" class=\"dataframe\">\n",
       "  <thead>\n",
       "    <tr style=\"text-align: right;\">\n",
       "      <th>items</th>\n",
       "      <th>Item1</th>\n",
       "      <th>Item10</th>\n",
       "      <th>Item2</th>\n",
       "      <th>Item3</th>\n",
       "      <th>Item4</th>\n",
       "      <th>Item5</th>\n",
       "      <th>Item6</th>\n",
       "      <th>Item7</th>\n",
       "      <th>Item8</th>\n",
       "      <th>Item9</th>\n",
       "    </tr>\n",
       "    <tr>\n",
       "      <th>users_list</th>\n",
       "      <th></th>\n",
       "      <th></th>\n",
       "      <th></th>\n",
       "      <th></th>\n",
       "      <th></th>\n",
       "      <th></th>\n",
       "      <th></th>\n",
       "      <th></th>\n",
       "      <th></th>\n",
       "      <th></th>\n",
       "    </tr>\n",
       "  </thead>\n",
       "  <tbody>\n",
       "    <tr>\n",
       "      <th>User1</th>\n",
       "      <td>3.333333</td>\n",
       "      <td>5.000000</td>\n",
       "      <td>2.900000</td>\n",
       "      <td>2.916667</td>\n",
       "      <td>3.400000</td>\n",
       "      <td>2.625000</td>\n",
       "      <td>3.333333</td>\n",
       "      <td>3.000000</td>\n",
       "      <td>3.363636</td>\n",
       "      <td>2.900000</td>\n",
       "    </tr>\n",
       "    <tr>\n",
       "      <th>User10</th>\n",
       "      <td>3.250000</td>\n",
       "      <td>2.727273</td>\n",
       "      <td>3.250000</td>\n",
       "      <td>2.250000</td>\n",
       "      <td>4.166667</td>\n",
       "      <td>3.714286</td>\n",
       "      <td>2.666667</td>\n",
       "      <td>3.625000</td>\n",
       "      <td>2.900000</td>\n",
       "      <td>2.181818</td>\n",
       "    </tr>\n",
       "    <tr>\n",
       "      <th>User2</th>\n",
       "      <td>2.800000</td>\n",
       "      <td>2.818182</td>\n",
       "      <td>2.461538</td>\n",
       "      <td>4.000000</td>\n",
       "      <td>2.000000</td>\n",
       "      <td>3.333333</td>\n",
       "      <td>3.636364</td>\n",
       "      <td>3.578947</td>\n",
       "      <td>4.428571</td>\n",
       "      <td>2.714286</td>\n",
       "    </tr>\n",
       "    <tr>\n",
       "      <th>User3</th>\n",
       "      <td>2.800000</td>\n",
       "      <td>3.250000</td>\n",
       "      <td>2.625000</td>\n",
       "      <td>2.785714</td>\n",
       "      <td>2.777778</td>\n",
       "      <td>3.363636</td>\n",
       "      <td>3.062500</td>\n",
       "      <td>3.083333</td>\n",
       "      <td>3.125000</td>\n",
       "      <td>3.083333</td>\n",
       "    </tr>\n",
       "    <tr>\n",
       "      <th>User4</th>\n",
       "      <td>2.500000</td>\n",
       "      <td>3.333333</td>\n",
       "      <td>3.090909</td>\n",
       "      <td>3.357143</td>\n",
       "      <td>3.000000</td>\n",
       "      <td>2.900000</td>\n",
       "      <td>3.666667</td>\n",
       "      <td>2.600000</td>\n",
       "      <td>3.909091</td>\n",
       "      <td>2.888889</td>\n",
       "    </tr>\n",
       "  </tbody>\n",
       "</table>\n",
       "</div>"
      ],
      "text/plain": [
       "items          Item1    Item10     Item2     Item3     Item4     Item5  \\\n",
       "users_list                                                               \n",
       "User1       3.333333  5.000000  2.900000  2.916667  3.400000  2.625000   \n",
       "User10      3.250000  2.727273  3.250000  2.250000  4.166667  3.714286   \n",
       "User2       2.800000  2.818182  2.461538  4.000000  2.000000  3.333333   \n",
       "User3       2.800000  3.250000  2.625000  2.785714  2.777778  3.363636   \n",
       "User4       2.500000  3.333333  3.090909  3.357143  3.000000  2.900000   \n",
       "\n",
       "items          Item6     Item7     Item8     Item9  \n",
       "users_list                                          \n",
       "User1       3.333333  3.000000  3.363636  2.900000  \n",
       "User10      2.666667  3.625000  2.900000  2.181818  \n",
       "User2       3.636364  3.578947  4.428571  2.714286  \n",
       "User3       3.062500  3.083333  3.125000  3.083333  \n",
       "User4       3.666667  2.600000  3.909091  2.888889  "
      ]
     },
     "execution_count": 21,
     "metadata": {},
     "output_type": "execute_result"
    }
   ],
   "source": [
    "df2_piv = df2.pivot_table(index='users_list', columns='items', values='ratings', aggfunc='mean', fill_value=0)\n",
    "df2_piv.head()"
   ]
  },
  {
   "cell_type": "markdown",
   "metadata": {},
   "source": [
    "# 2. Similarity Lvl 1"
   ]
  },
  {
   "cell_type": "code",
   "execution_count": 10,
   "metadata": {},
   "outputs": [
    {
     "data": {
      "text/html": [
       "<div>\n",
       "<style scoped>\n",
       "    .dataframe tbody tr th:only-of-type {\n",
       "        vertical-align: middle;\n",
       "    }\n",
       "\n",
       "    .dataframe tbody tr th {\n",
       "        vertical-align: top;\n",
       "    }\n",
       "\n",
       "    .dataframe thead th {\n",
       "        text-align: right;\n",
       "    }\n",
       "</style>\n",
       "<table border=\"1\" class=\"dataframe\">\n",
       "  <thead>\n",
       "    <tr style=\"text-align: right;\">\n",
       "      <th></th>\n",
       "      <th>User1</th>\n",
       "      <th>User2</th>\n",
       "      <th>User3</th>\n",
       "      <th>User4</th>\n",
       "      <th>User5</th>\n",
       "      <th>User6</th>\n",
       "      <th>User7</th>\n",
       "      <th>User8</th>\n",
       "      <th>User9</th>\n",
       "      <th>User10</th>\n",
       "    </tr>\n",
       "  </thead>\n",
       "  <tbody>\n",
       "    <tr>\n",
       "      <th>User1</th>\n",
       "      <td>1.000000</td>\n",
       "      <td>0.868037</td>\n",
       "      <td>0.836455</td>\n",
       "      <td>0.822474</td>\n",
       "      <td>0.707107</td>\n",
       "      <td>0.847459</td>\n",
       "      <td>0.874044</td>\n",
       "      <td>0.700000</td>\n",
       "      <td>0.746203</td>\n",
       "      <td>0.847935</td>\n",
       "    </tr>\n",
       "    <tr>\n",
       "      <th>User2</th>\n",
       "      <td>0.868037</td>\n",
       "      <td>1.000000</td>\n",
       "      <td>0.847625</td>\n",
       "      <td>0.876762</td>\n",
       "      <td>0.844672</td>\n",
       "      <td>0.887904</td>\n",
       "      <td>0.855193</td>\n",
       "      <td>0.840961</td>\n",
       "      <td>0.743660</td>\n",
       "      <td>0.975024</td>\n",
       "    </tr>\n",
       "    <tr>\n",
       "      <th>User3</th>\n",
       "      <td>0.836455</td>\n",
       "      <td>0.847625</td>\n",
       "      <td>1.000000</td>\n",
       "      <td>0.808171</td>\n",
       "      <td>0.852058</td>\n",
       "      <td>0.957824</td>\n",
       "      <td>0.968246</td>\n",
       "      <td>0.745356</td>\n",
       "      <td>0.815740</td>\n",
       "      <td>0.816122</td>\n",
       "    </tr>\n",
       "    <tr>\n",
       "      <th>User4</th>\n",
       "      <td>0.822474</td>\n",
       "      <td>0.876762</td>\n",
       "      <td>0.808171</td>\n",
       "      <td>1.000000</td>\n",
       "      <td>0.847791</td>\n",
       "      <td>0.809641</td>\n",
       "      <td>0.812605</td>\n",
       "      <td>0.820157</td>\n",
       "      <td>0.726105</td>\n",
       "      <td>0.830223</td>\n",
       "    </tr>\n",
       "    <tr>\n",
       "      <th>User5</th>\n",
       "      <td>0.707107</td>\n",
       "      <td>0.844672</td>\n",
       "      <td>0.852058</td>\n",
       "      <td>0.847791</td>\n",
       "      <td>1.000000</td>\n",
       "      <td>0.858008</td>\n",
       "      <td>0.867528</td>\n",
       "      <td>0.789603</td>\n",
       "      <td>0.741215</td>\n",
       "      <td>0.850492</td>\n",
       "    </tr>\n",
       "    <tr>\n",
       "      <th>User6</th>\n",
       "      <td>0.847459</td>\n",
       "      <td>0.887904</td>\n",
       "      <td>0.957824</td>\n",
       "      <td>0.809641</td>\n",
       "      <td>0.858008</td>\n",
       "      <td>1.000000</td>\n",
       "      <td>0.954097</td>\n",
       "      <td>0.832050</td>\n",
       "      <td>0.827837</td>\n",
       "      <td>0.881906</td>\n",
       "    </tr>\n",
       "    <tr>\n",
       "      <th>User7</th>\n",
       "      <td>0.874044</td>\n",
       "      <td>0.855193</td>\n",
       "      <td>0.968246</td>\n",
       "      <td>0.812605</td>\n",
       "      <td>0.867528</td>\n",
       "      <td>0.954097</td>\n",
       "      <td>1.000000</td>\n",
       "      <td>0.721688</td>\n",
       "      <td>0.748807</td>\n",
       "      <td>0.814152</td>\n",
       "    </tr>\n",
       "    <tr>\n",
       "      <th>User8</th>\n",
       "      <td>0.700000</td>\n",
       "      <td>0.840961</td>\n",
       "      <td>0.745356</td>\n",
       "      <td>0.820157</td>\n",
       "      <td>0.789603</td>\n",
       "      <td>0.832050</td>\n",
       "      <td>0.721688</td>\n",
       "      <td>1.000000</td>\n",
       "      <td>0.881230</td>\n",
       "      <td>0.873742</td>\n",
       "    </tr>\n",
       "    <tr>\n",
       "      <th>User9</th>\n",
       "      <td>0.746203</td>\n",
       "      <td>0.743660</td>\n",
       "      <td>0.815740</td>\n",
       "      <td>0.726105</td>\n",
       "      <td>0.741215</td>\n",
       "      <td>0.827837</td>\n",
       "      <td>0.748807</td>\n",
       "      <td>0.881230</td>\n",
       "      <td>1.000000</td>\n",
       "      <td>0.813512</td>\n",
       "    </tr>\n",
       "    <tr>\n",
       "      <th>User10</th>\n",
       "      <td>0.847935</td>\n",
       "      <td>0.975024</td>\n",
       "      <td>0.816122</td>\n",
       "      <td>0.830223</td>\n",
       "      <td>0.850492</td>\n",
       "      <td>0.881906</td>\n",
       "      <td>0.814152</td>\n",
       "      <td>0.873742</td>\n",
       "      <td>0.813512</td>\n",
       "      <td>1.000000</td>\n",
       "    </tr>\n",
       "  </tbody>\n",
       "</table>\n",
       "</div>"
      ],
      "text/plain": [
       "           User1     User2     User3     User4     User5     User6     User7  \\\n",
       "User1   1.000000  0.868037  0.836455  0.822474  0.707107  0.847459  0.874044   \n",
       "User2   0.868037  1.000000  0.847625  0.876762  0.844672  0.887904  0.855193   \n",
       "User3   0.836455  0.847625  1.000000  0.808171  0.852058  0.957824  0.968246   \n",
       "User4   0.822474  0.876762  0.808171  1.000000  0.847791  0.809641  0.812605   \n",
       "User5   0.707107  0.844672  0.852058  0.847791  1.000000  0.858008  0.867528   \n",
       "User6   0.847459  0.887904  0.957824  0.809641  0.858008  1.000000  0.954097   \n",
       "User7   0.874044  0.855193  0.968246  0.812605  0.867528  0.954097  1.000000   \n",
       "User8   0.700000  0.840961  0.745356  0.820157  0.789603  0.832050  0.721688   \n",
       "User9   0.746203  0.743660  0.815740  0.726105  0.741215  0.827837  0.748807   \n",
       "User10  0.847935  0.975024  0.816122  0.830223  0.850492  0.881906  0.814152   \n",
       "\n",
       "           User8     User9    User10  \n",
       "User1   0.700000  0.746203  0.847935  \n",
       "User2   0.840961  0.743660  0.975024  \n",
       "User3   0.745356  0.815740  0.816122  \n",
       "User4   0.820157  0.726105  0.830223  \n",
       "User5   0.789603  0.741215  0.850492  \n",
       "User6   0.832050  0.827837  0.881906  \n",
       "User7   0.721688  0.748807  0.814152  \n",
       "User8   1.000000  0.881230  0.873742  \n",
       "User9   0.881230  1.000000  0.813512  \n",
       "User10  0.873742  0.813512  1.000000  "
      ]
     },
     "execution_count": 10,
     "metadata": {},
     "output_type": "execute_result"
    }
   ],
   "source": [
    "user_similarity = cosine_similarity(df)\n",
    "user_similarity_df = pd.DataFrame(user_similarity, index=users, columns=users)\n",
    "user_similarity_df.head(10)"
   ]
  },
  {
   "cell_type": "code",
   "execution_count": 11,
   "metadata": {},
   "outputs": [
    {
     "data": {
      "text/plain": [
       "Index(['User7', 'User2', 'User10', 'User6', 'User3', 'User4', 'User9', 'User5',\n",
       "       'User8'],\n",
       "      dtype='object')"
      ]
     },
     "execution_count": 11,
     "metadata": {},
     "output_type": "execute_result"
    }
   ],
   "source": [
    "# Users similar to User 1\n",
    "user1_ratings = df.loc['User1']\n",
    "similar_users = user_similarity_df['User1'].sort_values(ascending=False).index[1:]  # Exclude User1 itself\n",
    "similar_users"
   ]
  },
  {
   "cell_type": "code",
   "execution_count": 12,
   "metadata": {},
   "outputs": [
    {
     "name": "stdout",
     "output_type": "stream",
     "text": [
      "\n",
      "Recommendations for User1:\n",
      "Item10: 3.62\n",
      "Item7: 3.51\n",
      "Item5: 3.37\n",
      "Item6: 3.19\n",
      "Item9: 3.14\n",
      "Item8: 3.07\n",
      "Item1: 3.06\n",
      "Item3: 2.85\n",
      "Item4: 2.61\n",
      "Item2: 2.16\n"
     ]
    }
   ],
   "source": [
    "# Get weighted ratings from similar users\n",
    "recommendations = []\n",
    "for item in df.columns:\n",
    "    weighted_sum = 0\n",
    "    total_similarity = 0\n",
    "    for user in similar_users:\n",
    "        if pd.notna(df.loc[user, item]):\n",
    "            weighted_sum += user_similarity_df.loc['User1', user] * df.loc[user, item]\n",
    "            total_similarity += user_similarity_df.loc['User1', user]\n",
    "    if total_similarity > 0:\n",
    "        recommendations.append((item, weighted_sum / total_similarity))\n",
    "    else:\n",
    "        recommendations.append((item, 0))\n",
    " \n",
    "recommendations = sorted(recommendations, key=lambda x: x[1], reverse=True)\n",
    "print(\"\\nRecommendations for User1:\")\n",
    "for item, score in recommendations:\n",
    "    print(f\"{item}: {score:.2f}\")"
   ]
  },
  {
   "cell_type": "markdown",
   "metadata": {},
   "source": [
    "# 3. Similarity Lvl 2"
   ]
  },
  {
   "cell_type": "code",
   "execution_count": 22,
   "metadata": {},
   "outputs": [
    {
     "data": {
      "text/html": [
       "<div>\n",
       "<style scoped>\n",
       "    .dataframe tbody tr th:only-of-type {\n",
       "        vertical-align: middle;\n",
       "    }\n",
       "\n",
       "    .dataframe tbody tr th {\n",
       "        vertical-align: top;\n",
       "    }\n",
       "\n",
       "    .dataframe thead th {\n",
       "        text-align: right;\n",
       "    }\n",
       "</style>\n",
       "<table border=\"1\" class=\"dataframe\">\n",
       "  <thead>\n",
       "    <tr style=\"text-align: right;\">\n",
       "      <th></th>\n",
       "      <th>User1</th>\n",
       "      <th>User2</th>\n",
       "      <th>User3</th>\n",
       "      <th>User4</th>\n",
       "      <th>User5</th>\n",
       "      <th>User6</th>\n",
       "      <th>User7</th>\n",
       "      <th>User8</th>\n",
       "      <th>User9</th>\n",
       "      <th>User10</th>\n",
       "    </tr>\n",
       "  </thead>\n",
       "  <tbody>\n",
       "    <tr>\n",
       "      <th>User1</th>\n",
       "      <td>1.000000</td>\n",
       "      <td>0.958544</td>\n",
       "      <td>0.952111</td>\n",
       "      <td>0.982845</td>\n",
       "      <td>0.980174</td>\n",
       "      <td>0.980379</td>\n",
       "      <td>0.973894</td>\n",
       "      <td>0.971778</td>\n",
       "      <td>0.969638</td>\n",
       "      <td>0.982492</td>\n",
       "    </tr>\n",
       "    <tr>\n",
       "      <th>User2</th>\n",
       "      <td>0.958544</td>\n",
       "      <td>1.000000</td>\n",
       "      <td>0.940450</td>\n",
       "      <td>0.976893</td>\n",
       "      <td>0.960683</td>\n",
       "      <td>0.986213</td>\n",
       "      <td>0.980654</td>\n",
       "      <td>0.975540</td>\n",
       "      <td>0.967683</td>\n",
       "      <td>0.973015</td>\n",
       "    </tr>\n",
       "    <tr>\n",
       "      <th>User3</th>\n",
       "      <td>0.952111</td>\n",
       "      <td>0.940450</td>\n",
       "      <td>1.000000</td>\n",
       "      <td>0.979174</td>\n",
       "      <td>0.982911</td>\n",
       "      <td>0.972138</td>\n",
       "      <td>0.951128</td>\n",
       "      <td>0.980083</td>\n",
       "      <td>0.965969</td>\n",
       "      <td>0.976702</td>\n",
       "    </tr>\n",
       "    <tr>\n",
       "      <th>User4</th>\n",
       "      <td>0.982845</td>\n",
       "      <td>0.976893</td>\n",
       "      <td>0.979174</td>\n",
       "      <td>1.000000</td>\n",
       "      <td>0.989793</td>\n",
       "      <td>0.995873</td>\n",
       "      <td>0.986040</td>\n",
       "      <td>0.991287</td>\n",
       "      <td>0.985730</td>\n",
       "      <td>0.989553</td>\n",
       "    </tr>\n",
       "    <tr>\n",
       "      <th>User5</th>\n",
       "      <td>0.980174</td>\n",
       "      <td>0.960683</td>\n",
       "      <td>0.982911</td>\n",
       "      <td>0.989793</td>\n",
       "      <td>1.000000</td>\n",
       "      <td>0.986151</td>\n",
       "      <td>0.982215</td>\n",
       "      <td>0.993137</td>\n",
       "      <td>0.987753</td>\n",
       "      <td>0.993414</td>\n",
       "    </tr>\n",
       "    <tr>\n",
       "      <th>User6</th>\n",
       "      <td>0.980379</td>\n",
       "      <td>0.986213</td>\n",
       "      <td>0.972138</td>\n",
       "      <td>0.995873</td>\n",
       "      <td>0.986151</td>\n",
       "      <td>1.000000</td>\n",
       "      <td>0.987773</td>\n",
       "      <td>0.987332</td>\n",
       "      <td>0.986431</td>\n",
       "      <td>0.991445</td>\n",
       "    </tr>\n",
       "    <tr>\n",
       "      <th>User7</th>\n",
       "      <td>0.973894</td>\n",
       "      <td>0.980654</td>\n",
       "      <td>0.951128</td>\n",
       "      <td>0.986040</td>\n",
       "      <td>0.982215</td>\n",
       "      <td>0.987773</td>\n",
       "      <td>1.000000</td>\n",
       "      <td>0.988645</td>\n",
       "      <td>0.988238</td>\n",
       "      <td>0.978579</td>\n",
       "    </tr>\n",
       "    <tr>\n",
       "      <th>User8</th>\n",
       "      <td>0.971778</td>\n",
       "      <td>0.975540</td>\n",
       "      <td>0.980083</td>\n",
       "      <td>0.991287</td>\n",
       "      <td>0.993137</td>\n",
       "      <td>0.987332</td>\n",
       "      <td>0.988645</td>\n",
       "      <td>1.000000</td>\n",
       "      <td>0.986637</td>\n",
       "      <td>0.985911</td>\n",
       "    </tr>\n",
       "    <tr>\n",
       "      <th>User9</th>\n",
       "      <td>0.969638</td>\n",
       "      <td>0.967683</td>\n",
       "      <td>0.965969</td>\n",
       "      <td>0.985730</td>\n",
       "      <td>0.987753</td>\n",
       "      <td>0.986431</td>\n",
       "      <td>0.988238</td>\n",
       "      <td>0.986637</td>\n",
       "      <td>1.000000</td>\n",
       "      <td>0.986603</td>\n",
       "    </tr>\n",
       "    <tr>\n",
       "      <th>User10</th>\n",
       "      <td>0.982492</td>\n",
       "      <td>0.973015</td>\n",
       "      <td>0.976702</td>\n",
       "      <td>0.989553</td>\n",
       "      <td>0.993414</td>\n",
       "      <td>0.991445</td>\n",
       "      <td>0.978579</td>\n",
       "      <td>0.985911</td>\n",
       "      <td>0.986603</td>\n",
       "      <td>1.000000</td>\n",
       "    </tr>\n",
       "  </tbody>\n",
       "</table>\n",
       "</div>"
      ],
      "text/plain": [
       "           User1     User2     User3     User4     User5     User6     User7  \\\n",
       "User1   1.000000  0.958544  0.952111  0.982845  0.980174  0.980379  0.973894   \n",
       "User2   0.958544  1.000000  0.940450  0.976893  0.960683  0.986213  0.980654   \n",
       "User3   0.952111  0.940450  1.000000  0.979174  0.982911  0.972138  0.951128   \n",
       "User4   0.982845  0.976893  0.979174  1.000000  0.989793  0.995873  0.986040   \n",
       "User5   0.980174  0.960683  0.982911  0.989793  1.000000  0.986151  0.982215   \n",
       "User6   0.980379  0.986213  0.972138  0.995873  0.986151  1.000000  0.987773   \n",
       "User7   0.973894  0.980654  0.951128  0.986040  0.982215  0.987773  1.000000   \n",
       "User8   0.971778  0.975540  0.980083  0.991287  0.993137  0.987332  0.988645   \n",
       "User9   0.969638  0.967683  0.965969  0.985730  0.987753  0.986431  0.988238   \n",
       "User10  0.982492  0.973015  0.976702  0.989553  0.993414  0.991445  0.978579   \n",
       "\n",
       "           User8     User9    User10  \n",
       "User1   0.971778  0.969638  0.982492  \n",
       "User2   0.975540  0.967683  0.973015  \n",
       "User3   0.980083  0.965969  0.976702  \n",
       "User4   0.991287  0.985730  0.989553  \n",
       "User5   0.993137  0.987753  0.993414  \n",
       "User6   0.987332  0.986431  0.991445  \n",
       "User7   0.988645  0.988238  0.978579  \n",
       "User8   1.000000  0.986637  0.985911  \n",
       "User9   0.986637  1.000000  0.986603  \n",
       "User10  0.985911  0.986603  1.000000  "
      ]
     },
     "execution_count": 22,
     "metadata": {},
     "output_type": "execute_result"
    }
   ],
   "source": [
    "user_similarity = cosine_similarity(df2_piv)\n",
    "user_similarity_df = pd.DataFrame(user_similarity, index=users, columns=users)\n",
    "user_similarity_df.head(10)"
   ]
  },
  {
   "cell_type": "code",
   "execution_count": 23,
   "metadata": {},
   "outputs": [
    {
     "data": {
      "text/plain": [
       "Index(['User4', 'User10', 'User6', 'User5', 'User7', 'User8', 'User9', 'User2',\n",
       "       'User3'],\n",
       "      dtype='object')"
      ]
     },
     "execution_count": 23,
     "metadata": {},
     "output_type": "execute_result"
    }
   ],
   "source": [
    "# Users similar to User 1\n",
    "user1_ratings = df2_piv.loc['User1']\n",
    "similar_users = user_similarity_df['User1'].sort_values(ascending=False).index[1:]  # Exclude User1 itself\n",
    "similar_users"
   ]
  },
  {
   "cell_type": "code",
   "execution_count": 24,
   "metadata": {},
   "outputs": [
    {
     "name": "stdout",
     "output_type": "stream",
     "text": [
      "\n",
      "Recommendations for User1:\n",
      "Item9: 3.44\n",
      "Item10: 3.33\n",
      "Item5: 3.23\n",
      "Item1: 3.22\n",
      "Item3: 3.11\n",
      "Item2: 3.00\n",
      "Item7: 2.78\n",
      "Item8: 2.44\n",
      "Item6: 2.34\n",
      "Item4: 2.23\n"
     ]
    }
   ],
   "source": [
    "# Get weighted ratings from similar users\n",
    "recommendations = []\n",
    "for item in df.columns:\n",
    "    weighted_sum = 0\n",
    "    total_similarity = 0\n",
    "    for user in similar_users:\n",
    "        if pd.notna(df.loc[user, item]):\n",
    "            weighted_sum += user_similarity_df.loc['User1', user] * df.loc[user, item]\n",
    "            total_similarity += user_similarity_df.loc['User1', user]\n",
    "    if total_similarity > 0:\n",
    "        recommendations.append((item, weighted_sum / total_similarity))\n",
    "    else:\n",
    "        recommendations.append((item, 0))\n",
    " \n",
    "recommendations = sorted(recommendations, key=lambda x: x[1], reverse=True)\n",
    "print(\"\\nRecommendations for User1:\")\n",
    "for item, score in recommendations:\n",
    "    print(f\"{item}: {score:.2f}\")"
   ]
  },
  {
   "cell_type": "markdown",
   "metadata": {},
   "source": [
    "# End"
   ]
  }
 ],
 "metadata": {
  "kernelspec": {
   "display_name": ".venv",
   "language": "python",
   "name": "python3"
  },
  "language_info": {
   "codemirror_mode": {
    "name": "ipython",
    "version": 3
   },
   "file_extension": ".py",
   "mimetype": "text/x-python",
   "name": "python",
   "nbconvert_exporter": "python",
   "pygments_lexer": "ipython3",
   "version": "3.13.3"
  }
 },
 "nbformat": 4,
 "nbformat_minor": 2
}
